Position	1	2
9.000000E+0	383.496094E-3	417.529297E-3
9.000450E+0	377.563477E-3	412.792969E-3
9.000900E+0	233.471680E-3	268.139648E-3
9.001350E+0	303.491211E-3	337.475586E-3
9.001800E+0	242.456055E-3	278.125000E-3
9.002250E+0	260.205078E-3	294.116211E-3
9.002700E+0	223.437500E-3	258.203125E-3
9.003150E+0	310.327148E-3	344.970703E-3
9.003600E+0	351.660156E-3	385.644531E-3
9.004050E+0	370.996094E-3	405.590820E-3
9.004500E+0	388.330078E-3	423.730469E-3
9.004950E+0	440.893555E-3	475.878906E-3
9.005400E+0	329.785156E-3	364.111328E-3
9.005850E+0	357.763672E-3	392.895508E-3
9.006300E+0	413.720703E-3	448.608398E-3
9.006750E+0	371.044922E-3	405.664062E-3
9.007200E+0	443.017578E-3	478.466797E-3
9.007650E+0	466.333008E-3	502.246094E-3
9.008100E+0	462.939453E-3	498.364258E-3
9.008550E+0	618.237305E-3	652.075195E-3
9.009000E+0	469.165039E-3	504.101563E-3
9.009450E+0	665.625000E-3	700.634766E-3
9.009900E+0	792.407227E-3	828.051758E-3
9.010350E+0	706.298828E-3	741.625977E-3
9.010800E+0	813.647461E-3	848.632812E-3
9.011250E+0	968.872070E-3	1.004541E+0
9.011700E+0	968.139648E-3	1.002637E+0
9.012150E+0	1.147803E+0	1.183105E+0
9.012600E+0	1.123535E+0	1.158667E+0
9.013050E+0	1.172461E+0	1.207422E+0
9.013500E+0	1.443091E+0	1.478979E+0
9.013950E+0	1.254248E+0	1.289282E+0
9.014400E+0	1.495166E+0	1.531030E+0
9.014850E+0	1.657007E+0	1.692334E+0
9.015300E+0	1.696143E+0	1.732568E+0
9.015750E+0	1.833301E+0	1.868921E+0
9.016200E+0	2.128101E+0	2.163647E+0
9.016650E+0	2.479126E+0	2.515308E+0
9.017100E+0	2.904688E+0	2.941333E+0
9.017550E+0	2.772095E+0	2.807886E+0
9.018000E+0	3.094238E+0	3.130518E+0
9.018450E+0	3.650146E+0	3.686743E+0
9.018900E+0	3.475854E+0	3.512451E+0
9.019350E+0	3.586572E+0	3.624292E+0
9.019800E+0	4.318750E+0	4.355908E+0
9.020250E+0	4.219653E+0	4.258252E+0
9.020700E+0	4.096851E+0	4.134009E+0
9.021150E+0	4.715259E+0	4.752466E+0
9.021600E+0	4.746289E+0	4.784351E+0
9.022050E+0	4.852271E+0	4.891650E+0
9.022500E+0	4.982861E+0	5.020923E+0
9.022950E+0	5.054565E+0	5.092529E+0
9.023400E+0	4.699243E+0	4.736475E+0
9.023850E+0	4.389771E+0	4.425171E+0
9.024300E+0	4.446362E+0	4.483594E+0
9.024750E+0	3.706641E+0	3.743896E+0
9.025200E+0	3.682812E+0	3.719971E+0
9.025650E+0	3.307690E+0	3.344995E+0
9.026100E+0	2.844946E+0	2.880933E+0
9.026550E+0	2.462622E+0	2.498853E+0
9.027000E+0	1.995898E+0	2.031445E+0
9.027450E+0	1.785010E+0	1.821191E+0
9.027900E+0	1.759473E+0	1.795166E+0
9.028350E+0	1.229614E+0	1.264844E+0
9.028800E+0	1.280176E+0	1.315454E+0
9.029250E+0	1.081763E+0	1.117358E+0
9.029700E+0	1.067212E+0	1.101782E+0
9.030150E+0	903.393555E-3	937.817383E-3
9.030600E+0	692.358398E-3	727.197266E-3
9.031050E+0	618.530273E-3	652.075195E-3
9.031500E+0	786.206055E-3	821.826172E-3
9.031950E+0	620.532227E-3	654.223633E-3
9.032400E+0	491.967773E-3	526.977539E-3
9.032850E+0	614.160156E-3	649.291992E-3
9.033300E+0	513.110352E-3	547.680664E-3
9.033750E+0	512.280273E-3	547.021484E-3
9.034200E+0	480.078125E-3	516.430664E-3
9.034650E+0	447.534180E-3	482.397461E-3
9.035100E+0	488.159180E-3	523.022461E-3
9.035550E+0	449.633789E-3	484.082031E-3
9.036000E+0	453.857422E-3	488.793945E-3
9.036450E+0	370.727539E-3	405.444336E-3
9.036900E+0	377.954102E-3	413.256836E-3
9.037350E+0	358.227539E-3	392.895508E-3
9.037800E+0	374.951172E-3	409.741211E-3
9.038250E+0	292.871094E-3	327.319336E-3
9.038700E+0	290.454102E-3	325.292969E-3
9.039150E+0	315.112305E-3	350.390625E-3
9.039600E+0	389.941406E-3	424.560547E-3
9.040050E+0	295.483398E-3	330.102539E-3
9.040500E+0	250.537109E-3	284.472656E-3
9.040950E+0	263.476563E-3	298.413086E-3
9.041400E+0	263.525391E-3	298.046875E-3
9.041850E+0	300.390625E-3	335.864258E-3
9.042300E+0	299.877930E-3	334.448242E-3
9.042750E+0	287.915039E-3	322.241211E-3
9.043200E+0	296.484375E-3	331.445312E-3
9.043650E+0	316.674805E-3	351.318359E-3
9.044100E+0	244.702148E-3	279.272461E-3
9.044550E+0	211.523437E-3	245.947266E-3
9.045000E+0	253.417969E-3	288.159180E-3
