Position	1	2
1.000000E+0	17.089844E-3	46.386719E-3
1.066647E+0	93.994141E-3	124.511719E-3
1.133293E+0	31.738281E-3	81.787109E-3
1.200040E+0	45.166016E-3	80.566406E-3
1.266687E+0	68.359375E-3	87.890625E-3
1.333333E+0	81.787109E-3	117.187500E-3
1.399980E+0	29.296875E-3	61.035156E-3
1.466627E+0	95.214844E-3	141.601562E-3
1.533373E+0	86.669922E-3	128.173828E-3
1.600020E+0	51.269531E-3	96.435547E-3
1.666667E+0	86.669922E-3	112.304687E-3
1.733313E+0	87.890625E-3	124.511719E-3
1.799960E+0	53.710937E-3	93.994141E-3
1.866707E+0	83.007812E-3	114.746094E-3
1.933353E+0	69.580078E-3	113.525391E-3
2.000000E+0	96.435547E-3	131.835937E-3
2.066647E+0	86.669922E-3	113.525391E-3
2.133293E+0	75.683594E-3	109.863281E-3
2.200040E+0	142.822266E-3	178.222656E-3
2.266687E+0	84.228516E-3	117.187500E-3
2.333333E+0	36.621094E-3	74.462891E-3
2.399980E+0	95.214844E-3	126.953125E-3
2.466627E+0	102.539062E-3	136.718750E-3
2.533373E+0	122.070312E-3	174.560547E-3
2.600020E+0	174.560547E-3	209.960937E-3
2.666667E+0	136.718750E-3	170.898437E-3
2.733313E+0	83.007812E-3	118.408203E-3
2.799960E+0	147.705078E-3	203.857422E-3
2.866707E+0	123.291016E-3	150.146484E-3
2.933353E+0	111.083984E-3	145.263672E-3
3.000000E+0	205.078125E-3	242.919922E-3
3.066647E+0	172.119141E-3	205.078125E-3
3.133293E+0	191.650391E-3	228.271484E-3
3.200040E+0	207.519531E-3	241.699219E-3
3.266687E+0	234.375000E-3	268.554687E-3
3.333333E+0	273.437500E-3	316.162109E-3
3.399980E+0	245.361328E-3	277.099609E-3
3.466627E+0	289.306641E-3	319.824219E-3
3.533373E+0	283.203125E-3	319.824219E-3
3.600020E+0	352.783203E-3	385.742187E-3
3.666667E+0	344.238281E-3	382.080078E-3
3.733313E+0	456.542969E-3	489.501953E-3
3.799960E+0	451.660156E-3	521.240234E-3
3.866707E+0	541.992187E-3	568.847656E-3
3.933353E+0	581.054687E-3	617.675781E-3
4.000000E+0	600.585937E-3	643.310547E-3
4.066647E+0	756.835937E-3	791.015625E-3
4.133293E+0	831.298828E-3	866.699219E-3
4.200040E+0	961.914062E-3	998.535156E-3
4.266687E+0	1.047363E+0	1.083984E+0
4.333333E+0	1.160889E+0	1.196289E+0
4.399980E+0	1.329346E+0	1.375732E+0
4.466627E+0	1.525879E+0	1.562500E+0
4.533373E+0	1.723633E+0	1.759033E+0
4.600020E+0	1.917725E+0	1.956787E+0
4.666667E+0	2.159424E+0	2.194824E+0
4.733313E+0	2.351074E+0	2.385254E+0
4.799960E+0	2.427979E+0	2.468262E+0
4.866707E+0	2.716064E+0	2.755127E+0
4.933353E+0	2.935791E+0	2.967529E+0
5.000000E+0	3.149414E+0	3.183594E+0
5.066647E+0	3.302002E+0	3.332520E+0
5.133293E+0	3.402100E+0	3.425293E+0
5.200040E+0	3.592529E+0	3.625488E+0
5.266687E+0	3.784180E+0	3.819580E+0
5.333333E+0	3.869629E+0	3.905029E+0
5.399980E+0	4.014893E+0	4.050293E+0
5.466627E+0	4.113770E+0	4.155273E+0
5.533373E+0	4.328613E+0	4.351807E+0
5.600020E+0	4.481201E+0	4.528809E+0
5.666667E+0	4.598389E+0	4.632568E+0
5.733313E+0	4.637451E+0	4.670410E+0
5.799960E+0	4.664307E+0	4.699707E+0
5.866707E+0	4.891357E+0	4.929199E+0
5.933353E+0	5.074463E+0	5.113525E+0
6.000000E+0	5.214844E+0	5.239258E+0
6.066647E+0	5.349121E+0	5.380859E+0
6.133293E+0	5.433350E+0	5.474854E+0
6.200040E+0	5.471191E+0	5.523682E+0
6.266687E+0	5.512695E+0	5.561523E+0
6.333333E+0	5.494385E+0	5.531006E+0
6.399980E+0	5.565186E+0	5.601807E+0
6.466627E+0	5.666504E+0	5.704346E+0
6.533373E+0	5.748291E+0	5.781250E+0
6.600020E+0	5.760498E+0	5.786133E+0
6.666667E+0	5.771484E+0	5.810547E+0
6.733313E+0	5.797119E+0	5.836182E+0
6.799960E+0	5.725098E+0	5.769043E+0
6.866707E+0	5.737305E+0	5.787354E+0
6.933353E+0	5.872803E+0	5.922852E+0
7.000000E+0	5.786133E+0	5.823975E+0
7.066647E+0	5.858154E+0	5.880127E+0
7.133293E+0	5.859375E+0	5.895996E+0
7.200040E+0	5.814209E+0	5.852051E+0
7.266687E+0	5.871582E+0	5.908203E+0
7.333333E+0	5.924072E+0	5.966797E+0
7.399980E+0	5.860596E+0	5.899658E+0
7.466627E+0	5.816650E+0	5.856934E+0
7.533373E+0	5.665283E+0	5.703125E+0
7.600020E+0	5.739746E+0	5.781250E+0
7.666667E+0	5.876465E+0	5.914307E+0
7.733313E+0	5.809326E+0	5.852051E+0
7.799960E+0	5.594482E+0	5.625000E+0
7.866707E+0	5.523682E+0	5.555420E+0
7.933353E+0	5.676270E+0	5.710449E+0
8.000000E+0	5.843506E+0	5.888672E+0
8.066647E+0	5.942383E+0	5.977783E+0
8.133293E+0	5.877686E+0	5.917969E+0
8.200040E+0	5.686035E+0	5.740967E+0
8.266687E+0	5.585937E+0	5.626221E+0
8.333333E+0	5.924072E+0	5.968018E+0
8.399980E+0	5.817871E+0	5.852051E+0
8.466627E+0	5.627441E+0	5.664062E+0
8.533373E+0	5.592041E+0	5.631104E+0
8.600020E+0	5.607910E+0	5.653076E+0
8.666667E+0	5.672607E+0	5.700684E+0
8.733313E+0	5.640869E+0	5.688477E+0
8.799960E+0	5.675049E+0	5.711670E+0
8.866707E+0	5.592041E+0	5.618896E+0
8.933353E+0	5.532227E+0	5.571289E+0
9.000000E+0	5.449219E+0	5.480957E+0
